(-2,-2)-->125% =[25, 25, 25, 25, 25]
(-4,-1)-->100% =[25, 25, 25, 25]
(-4,1)-->50% =[25, 25]
(3,6)-->0% =[]
(-4,-6)-->50% =[25, 25]
(-6,6)-->25% =[25]
(-6,-7)-->100% =[25, 25, 25, 25]
(-8,5)-->75% =[25, 25, 25]
(5,9)-->25% =[25]
(9,5)-->50% =[25, 25]
(4,-10)-->50% =[25, 25]
(-9,-6)-->50% =[25, 25]
(-8,8)-->100% =[25, 25, 25, 25]
(6,-10)-->75% =[25, 25, 25]
(8,-10)-->50% =[25, 25]
(12,6)-->75% =[25, 25, 25]
(14,6)-->150% =[25, 25, 25, 50, 25]
(-9,-13)-->75% =[25, 25, 25]
(-6,15)-->75% =[50, 25]
(-14,-9)-->125% =[25, 25, 50, 25]
(15,8)-->125% =[50, 50, 25]
(8,-15)-->100% =[50, 25, 25]
(6,-16)-->150% =[50, 50, 25, 25]
(13,-12)-->25% =[25]
(-18,3)-->125% =[25, 50, 25, 25]
(16,-9)-->75% =[25, 25, 25]
(-15,-11)-->100% =[25, 25, 50]
(13,-14)-->25% =[25]
(-10,-17)-->100% =[25, 25, 25, 25]
(-16,12)-->75% =[50, 25]
(4,20)-->150% =[50, 50, 25, 25]
(3,21)-->75% =[25, 25, 25]
(-7,-21)-->50% =[25, 25]
(-7,21)-->50% =[50]
(4,22)-->100% =[50, 25, 25]
(6,-22)-->75% =[25, 25, 25]
(-9,21)-->175% =[50, 25, 50, 50]
(22,-10)-->75% =[50, 25]
(24,4)-->100% =[25, 25, 50]
(-22,11)-->125% =[50, 25, 25, 25]
(9,-23)-->50% =[25, 25]
(-23,11)-->100% =[50, 25, 25]
(22,-14)-->125% =[25, 25, 25, 50]
(-26,-3)-->150% =[25, 25, 25, 25, 25, 25]
(-17,-20)-->175% =[25, 50, 25, 25, 25, 25]
(-4,-26)-->150% =[25, 25, 25, 25, 25, 25]
(-9,25)-->175% =[25, 25, 25, 25, 50, 25]
(26,-8)-->125% =[25, 25, 25, 25, 25]
(-6,27)-->125% =[50, 25, 25, 25]
(-22,17)-->50% =[25, 25]
(30,0)-->125% =[50, 25, 50]
(-26,15)-->25% =[25]
(-25,17)-->75% =[25, 50]
(-29,9)-->75% =[25, 25, 25]
(-22,-21)-->225% =[25, 50, 25, 25, 25, 50, 25]
(12,28)-->100% =[50, 25, 25]
(30,-6)-->150% =[25, 25, 25, 25, 50]
(-10,-29)-->75% =[25, 25, 25]
(26,17)-->150% =[25, 25, 25, 50, 25]
(-19,25)-->75% =[25, 25, 25]
(28,15)-->125% =[25, 25, 25, 25, 25]
(17,27)-->100% =[25, 25, 25, 25]
(-11,-30)-->25% =[25]
(32,4)-->175% =[25, 25, 50, 25, 25, 25]
(32,-5)-->100% =[25, 25, 25, 25]
(23,23)-->125% =[25, 25, 25, 25, 25]
(-20,26)-->75% =[25, 50]
(-3,33)-->75% =[25, 25, 25]
(21,-26)-->75% =[25, 25, 25]
(26,-21)-->200% =[25, 25, 50, 25, 25, 50]
(-12,32)-->100% =[25, 25, 25, 25]
(21,-27)-->75% =[25, 25, 25]
(25,24)-->50% =[25, 25]
(-1,-35)-->150% =[25, 50, 25, 25, 25]
(26,-24)-->100% =[25, 25, 25, 25]
(-34,10)-->25% =[25]
(35,-7)-->100% =[25, 25, 25, 25]
(-14,33)-->75% =[25, 25, 25]
(34,12)-->100% =[25, 25, 25, 25]
(-26,-25)-->100% =[25, 25, 25, 25]
(31,-19)-->75% =[25, 50]
(-13,34)-->75% =[25, 25, 25]
(-35,-13)-->175% =[25, 25, 25, 50, 50]
(-37,-8)-->150% =[25, 50, 25, 50]
(-25,-29)-->50% =[25, 25]
(16,35)-->125% =[25, 25, 25, 25, 25]
(38,7)-->150% =[50, 25, 25, 25, 25]
(36,16)-->125% =[50, 25, 50]
(28,28)-->125% =[25, 25, 50, 25]
(-7,39)-->150% =[50, 25, 25, 25, 25]
(17,36)-->100% =[25, 25, 25, 25]
(-34,21)-->200% =[50, 50, 25, 25, 25, 25]
(-39,-10)-->50% =[25, 25]
(-16,-37)-->100% =[25, 25, 50]
(-25,-32)-->125% =[25, 25, 50, 25]
(-37,17)-->125% =[25, 25, 50, 25]
(-41,3)-->100% =[25, 25, 25, 25]
(-4,41)-->125% =[25, 25, 25, 25, 25]
(-41,-4)-->50% =[50]
(37,19)-->125% =[50, 50, 25]
(-21,-36)-->50% =[50]
(20,-37)-->0% =[]
(-42,-5)-->50% =[50]
(-42,5)-->100% =[25, 25, 50]
(-5,-42)-->225% =[50, 25, 50, 25, 25, 25, 25]
(19,-38)-->50% =[25, 25]
(-8,42)-->100% =[25, 25, 25, 25]
(-30,31)-->75% =[25, 25, 25]
(-14,41)-->150% =[25, 50, 25, 50]
(14,41)-->175% =[25, 25, 50, 50, 25]
(41,14)-->75% =[25, 25, 25]
(38,21)-->100% =[50, 25, 25]
(40,17)-->150% =[25, 25, 50, 25, 25]
(-12,-42)-->125% =[25, 50, 25, 25]
(-44,-3)-->25% =[25]
(12,43)-->250% =[50, 50, 25, 50, 25, 50]
(-8,44)-->50% =[25, 25]
(-38,24)-->175% =[25, 25, 25, 25, 25, 50]
(-45,1)-->75% =[50, 25]
(-45,-4)-->25% =[25]
(-32,-32)-->125% =[25, 25, 25, 25, 25]
(-45,-8)-->25% =[25]
(37,-27)-->175% =[25, 25, 25, 25, 50, 25]
(-9,45)-->100% =[50, 25, 25]
(32,33)-->125% =[25, 25, 25, 50]
(-26,38)-->50% =[50]
(26,-38)-->0% =[]
(-30,-35)-->75% =[25, 25, 25]
(-35,30)-->175% =[25, 25, 25, 25, 25, 50]
(-46,-3)-->25% =[25]
(-15,-44)-->0% =[]
(-42,20)-->100% =[50, 25, 25]
(-24,40)-->0% =[]
(0,47)-->125% =[25, 25, 50, 25]
(-25,40)-->50% =[50]
(-34,-33)-->100% =[25, 25, 25, 25]
(-22,-42)-->75% =[50, 25]
(-15,-45)-->0% =[]
(27,-39)-->0% =[]
(41,-24)-->225% =[25, 25, 25, 50, 25, 25, 25, 25]
(47,-9)-->125% =[50, 25, 25, 25]
(-17,45)-->50% =[25, 25]
(17,-45)-->0% =[]
(48,-6)-->75% =[25, 50]
(47,-12)-->150% =[25, 50, 25, 25, 25]
(8,48)-->100% =[25, 25, 25, 25]
(-48,-9)-->75% =[25, 25, 25]
(-14,-47)-->0% =[]
(-17,46)-->50% =[25, 25]
(-38,31)-->125% =[25, 25, 25, 25, 25]
(-6,-49)-->75% =[25, 50]
(29,40)-->0% =[]
(40,29)-->125% =[25, 50, 25, 25]
(-48,12)-->75% =[25, 25, 25]
(49,7)-->75% =[25, 25, 25]
(32,38)-->50% =[50]
(-49,-9)-->75% =[25, 25, 25]
(31,-39)-->25% =[25]
(-14,-48)-->0% =[]
(49,-10)-->50% =[50]
(-38,-33)-->125% =[25, 25, 50, 25]
(-50,6)-->125% =[25, 25, 50, 25]
(13,49)-->175% =[25, 50, 25, 50, 25]
(-30,-41)-->25% =[25]
(50,-9)-->50% =[50]
(50,9)-->125% =[25, 50, 25, 25]
(33,-39)-->75% =[25, 25, 25]
(-28,-43)-->0% =[]
(-51,6)-->150% =[25, 25, 50, 50]
(-16,-49)-->0% =[]
(30,-42)-->100% =[25, 50, 25]
(19,-48)-->0% =[]
(-13,-50)-->0% =[]
(50,13)-->200% =[25, 25, 50, 50, 50]
(-51,-9)-->50% =[25, 25]
(-29,43)-->175% =[25, 25, 50, 25, 50]
(-28,44)-->125% =[50, 25, 50]
(-4,52)-->125% =[50, 25, 50]
(15,-50)-->0% =[]
(15,50)-->75% =[25, 25, 25]
(37,-37)-->75% =[50, 25]
(-52,-7)-->25% =[25]
(27,-45)-->25% =[25]
(-16,50)-->50% =[25, 25]
(52,8)-->150% =[25, 25, 25, 25, 25, 25]
(9,52)-->75% =[25, 25, 25]
(17,-50)-->0% =[]
(51,14)-->150% =[25, 25, 50, 50]
(31,-43)-->100% =[25, 50, 25]
(38,37)-->100% =[25, 25, 25, 25]
(-53,3)-->125% =[25, 25, 25, 50]
(-45,-29)-->100% =[25, 50, 25]
(9,-53)-->125% =[25, 25, 25, 25, 25]
(-20,-50)-->0% =[]
(-50,-20)-->75% =[25, 25, 25]
(-3,54)-->25% =[25]
(51,18)-->125% =[25, 50, 50]
(-15,52)-->75% =[25, 25, 25]
(11,-53)-->75% =[25, 25, 25]
(23,-49)-->0% =[]
(-43,33)-->100% =[25, 25, 25, 25]
(-5,54)-->100% =[50, 25, 25]
(29,-46)-->125% =[25, 25, 50, 25]
(32,44)-->25% =[25]
(18,-53)-->100% =[50, 50]
(37,42)-->75% =[25, 25, 25]
(32,46)-->75% =[25, 50]
(19,-53)-->100% =[50, 50]
(28,49)-->125% =[50, 25, 25, 25]
(22,52)-->50% =[50]
(30,-48)-->100% =[25, 25, 50]
(9,56)-->50% =[25, 25]
(-57,0)-->25% =[25]
(53,-21)-->50% =[25, 25]
(-56,-11)-->75% =[25, 50]
(34,46)-->50% =[50]
(-57,-6)-->25% =[25]
(-57,6)-->150% =[25, 50, 25, 25, 25]
(-57,7)-->125% =[25, 50, 25, 25]
(-7,57)-->75% =[25, 25, 25]
(30,-49)-->25% =[25]
(48,-32)-->50% =[25, 25]
(-23,53)-->25% =[25]
(50,-29)-->50% =[25, 25]
(34,-47)-->125% =[25, 50, 25, 25]
(-58,-4)-->0% =[]
(-58,4)-->75% =[25, 25, 25]
(-28,51)-->75% =[25, 50]
(-56,-16)-->100% =[25, 25, 50]
(16,-56)-->125% =[25, 50, 50]
(-13,-57)-->25% =[25]
(-44,39)-->125% =[50, 25, 25, 25]
(18,-56)-->175% =[50, 25, 50, 50]
(59,1)-->50% =[25, 25]
(-33,49)-->75% =[50, 25]
(-24,-54)-->0% =[]
(24,-54)-->50% =[50]
(30,-51)-->0% =[]
(-16,57)-->0% =[]
(57,16)-->75% =[25, 25, 25]
(-58,13)-->100% =[50, 25, 25]
(53,27)-->100% =[25, 25, 25, 25]
(-54,25)-->50% =[25, 25]
(54,25)-->50% =[25, 25]
(-34,-49)-->50% =[25, 25]



(-4,-3)-->75% =[25, 25, 25]
(3,-6)-->50% =[25, 25]
(-5,5)-->25% =[25]
(-7,2)-->100% =[25, 25, 25, 25]
(0,-10)-->50% =[25, 25]
(-1,11)-->25% =[25]
(-3,13)-->75% =[25, 25, 25]
(-6,-13)-->125% =[25, 25, 25, 25, 25]
(12,8)-->75% =[25, 50]
(-13,-7)-->100% =[50, 25, 25]
(13,-13)-->50% =[25, 25]
(-6,-18)-->50% =[25, 25]
(19,-4)-->75% =[25, 25, 25]
(8,-18)-->100% =[50, 25, 25]
(-14,14)-->50% =[25, 25]
(-6,-19)-->0% =[]
(-20,5)-->75% =[25, 25, 25]
(5,20)-->125% =[50, 50, 25]
(7,-22)-->50% =[25, 25]
(4,24)-->125% =[50, 25, 25, 25]
(-8,23)-->150% =[25, 25, 50, 50]
(18,17)-->125% =[25, 25, 25, 25, 25]
(-19,-16)-->50% =[25, 25]
(25,5)-->125% =[25, 50, 50]
(20,17)-->125% =[25, 25, 25, 25, 25]
(-26,-4)-->150% =[25, 25, 25, 25, 25, 25]
(21,17)-->150% =[25, 25, 25, 50, 25]
(25,-12)-->75% =[50, 25]
(-29,-3)-->175% =[25, 25, 25, 25, 25, 25, 25]
(-12,-28)-->75% =[50, 25]
(26,-16)-->100% =[25, 25, 50]
(1,-31)-->125% =[25, 50, 25, 25]
(11,29)-->50% =[25, 25]
(-27,17)-->75% =[50, 25]
(20,-25)-->75% =[25, 25, 25]
(32,1)-->150% =[25, 50, 25, 50]
(-2,32)-->75% =[25, 25, 25]
(32,-2)-->175% =[50, 25, 25, 50, 25]
(-31,10)-->50% =[25, 25]
(32,-7)-->125% =[25, 25, 25, 25, 25]
(-21,26)-->100% =[50, 50]
(-33,8)-->25% =[25]
(31,14)-->100% =[25, 25, 25, 25]
(-32,-13)-->175% =[25, 25, 50, 50, 25]
(-34,-8)-->225% =[25, 50, 50, 25, 25, 25, 25]
(-25,-25)-->75% =[25, 25, 25]
(24,26)-->50% =[25, 25]
(-3,-36)-->125% =[50, 25, 25, 25]
(14,-34)-->100% =[25, 25, 25, 25]
(27,26)-->75% =[25, 25, 25]
(38,2)-->125% =[25, 25, 25, 25, 25]
(-15,35)-->125% =[25, 25, 25, 50]
(38,3)-->125% =[25, 25, 25, 25, 25]
(34,-19)-->50% =[25, 25]
(-39,-1)-->25% =[25]
(-21,-34)-->100% =[50, 25, 25]
(-5,-40)-->200% =[25, 25, 25, 25, 25, 25, 50]
(-18,-37)-->50% =[50]
(4,41)-->100% =[25, 25, 25, 25]
(-33,25)-->175% =[25, 25, 25, 25, 25, 50]
(33,-26)-->125% =[25, 25, 25, 25, 25]
(33,-28)-->100% =[25, 25, 25, 25]
(39,-19)-->125% =[25, 25, 25, 25, 25]
(37,23)-->25% =[25]
(8,-43)-->150% =[25, 50, 25, 25, 25]
(-38,-22)-->125% =[25, 25, 25, 25, 25]
(33,29)-->100% =[25, 25, 25, 25]
(23,38)-->50% =[25, 25]
(-34,29)-->200% =[25, 25, 25, 25, 25, 25, 50]
(-40,20)-->150% =[25, 25, 50, 25, 25]
(-9,44)-->100% =[25, 50, 25]
(-13,-43)-->75% =[25, 25, 25]
(44,11)-->75% =[25, 25, 25]
(20,-41)-->50% =[25, 25]
(27,-37)-->25% =[25]
(-1,-46)-->150% =[25, 50, 25, 25, 25]
(-31,-34)-->75% =[25, 25, 25]
(-45,-10)-->75% =[25, 25, 25]
(30,35)-->25% =[25]
(45,-10)-->125% =[25, 25, 25, 25, 25]
(-21,-42)-->75% =[50, 25]
(-46,11)-->75% =[50, 25]
(35,-32)-->175% =[50, 25, 25, 25, 25, 25]
(-24,42)-->0% =[]
(-26,-42)-->25% =[25]
(31,39)-->50% =[50]
(-11,-49)-->50% =[50]
(27,43)-->0% =[]
(10,50)-->75% =[25, 25, 25]
(41,32)-->50% =[25, 25]
(2,-52)-->100% =[25, 25, 25, 25]
(44,28)-->100% =[25, 50, 25]
(-3,53)-->25% =[25]
(-16,51)-->50% =[25, 25]
(43,32)-->25% =[25]
(-44,-31)-->75% =[25, 25, 25]
(50,20)-->125% =[50, 25, 50]
(-6,54)-->75% =[50, 25]
(-51,-19)-->75% =[50, 25]
(26,48)-->25% =[25]
(-28,47)-->100% =[25, 25, 50]
(-41,-37)-->150% =[25, 50, 25, 50]
(46,-31)-->75% =[25, 25, 25]
(-17,-53)-->50% =[50]
(56,-2)-->75% =[25, 25, 25]
(-16,-54)-->50% =[50]
(52,-22)-->75% =[25, 25, 25]
(40,-40)-->75% =[25, 50]
(-37,-43)-->100% =[25, 25, 25, 25]
(36,44)-->25% =[25]
(-23,52)-->25% =[25]
(-47,32)-->75% =[50, 25]
(15,-55)-->75% =[25, 50]
(57,8)-->75% =[25, 25, 25]
(-53,23)-->100% =[25, 25, 25, 25]
(-41,41)-->150% =[50, 25, 25, 25, 25]
(-47,-34)-->150% =[25, 25, 50, 50]
(-16,56)-->0% =[]
(-58,-7)-->25% =[25]
(27,52)-->75% =[50, 25]
(58,-13)-->125% =[25, 50, 50]
(34,-49)-->50% =[25, 25]